[gd_scene load_steps=15 format=2]

[ext_resource path="res://default_env.tres" type="Environment" id=1]
[ext_resource path="res://root.gd" type="Script" id=2]
[ext_resource path="res://Scenes/Ocean.tscn" type="PackedScene" id=3]
[ext_resource path="res://Models/berg.glb" type="PackedScene" id=5]
[ext_resource path="res://Models/shore.glb" type="PackedScene" id=6]
[ext_resource path="res://Models/house_type01.glb" type="PackedScene" id=9]
[ext_resource path="res://Models/house_type02.glb" type="PackedScene" id=10]
[ext_resource path="res://Models/house_type04.glb" type="PackedScene" id=11]
[ext_resource path="res://Models/Trees/tree_pineSmallA.glb" type="PackedScene" id=12]
[ext_resource path="res://Models/Trees/tree_pineRoundB.glb" type="PackedScene" id=13]

[sub_resource type="Animation" id=8]
length = 2.0
tracks/0/type = "value"
tracks/0/path = NodePath("../WorldEnvironment:environment")
tracks/0/interp = 1
tracks/0/loop_wrap = true
tracks/0/imported = false
tracks/0/enabled = true
tracks/0/keys = {
"times": PoolRealArray(  ),
"transitions": PoolRealArray(  ),
"update": 1,
"values": [  ]
}
tracks/1/type = "value"
tracks/1/path = NodePath("../WorldEnvironment:environment:glow_intensity")
tracks/1/interp = 1
tracks/1/loop_wrap = true
tracks/1/imported = false
tracks/1/enabled = true
tracks/1/keys = {
"times": PoolRealArray( 0 ),
"transitions": PoolRealArray( 1 ),
"update": 0,
"values": [ 0.1 ]
}
tracks/2/type = "value"
tracks/2/path = NodePath("../WorldEnvironment:environment:glow_strength")
tracks/2/interp = 1
tracks/2/loop_wrap = true
tracks/2/imported = false
tracks/2/enabled = true
tracks/2/keys = {
"times": PoolRealArray( 0 ),
"transitions": PoolRealArray( 1 ),
"update": 0,
"values": [ 0.92 ]
}

[sub_resource type="Animation" id=9]
resource_name = "camera-effects"
length = 2.0
tracks/0/type = "value"
tracks/0/path = NodePath("WorldEnvironment2:environment")
tracks/0/interp = 1
tracks/0/loop_wrap = true
tracks/0/imported = false
tracks/0/enabled = true
tracks/0/keys = {
"times": PoolRealArray(  ),
"transitions": PoolRealArray(  ),
"update": 1,
"values": [  ]
}
tracks/1/type = "value"
tracks/1/path = NodePath("WorldEnvironment2:environment:auto_exposure_scale")
tracks/1/interp = 1
tracks/1/loop_wrap = true
tracks/1/imported = false
tracks/1/enabled = true
tracks/1/keys = {
"times": PoolRealArray( 0, 2 ),
"transitions": PoolRealArray( 1, 1 ),
"update": 0,
"values": [ 2.4, 64.0 ]
}
tracks/2/type = "value"
tracks/2/path = NodePath("WorldEnvironment2:environment")
tracks/2/interp = 1
tracks/2/loop_wrap = true
tracks/2/imported = false
tracks/2/enabled = false
tracks/2/keys = {
"times": PoolRealArray(  ),
"transitions": PoolRealArray(  ),
"update": 1,
"values": [  ]
}
tracks/3/type = "value"
tracks/3/path = NodePath("WorldEnvironment2:environment:glow_bloom")
tracks/3/interp = 1
tracks/3/loop_wrap = true
tracks/3/imported = false
tracks/3/enabled = true
tracks/3/keys = {
"times": PoolRealArray( 0, 2 ),
"transitions": PoolRealArray( 1, 1 ),
"update": 0,
"values": [ 0.89, 0.89 ]
}
tracks/4/type = "value"
tracks/4/path = NodePath("WorldEnvironment2:environment:glow_strength")
tracks/4/interp = 1
tracks/4/loop_wrap = true
tracks/4/imported = false
tracks/4/enabled = true
tracks/4/keys = {
"times": PoolRealArray( 0, 2 ),
"transitions": PoolRealArray( 1, 1 ),
"update": 0,
"values": [ 0.6, 0.6 ]
}
tracks/5/type = "value"
tracks/5/path = NodePath("WorldEnvironment2:environment:glow_intensity")
tracks/5/interp = 1
tracks/5/loop_wrap = true
tracks/5/imported = false
tracks/5/enabled = true
tracks/5/keys = {
"times": PoolRealArray( 0, 2 ),
"transitions": PoolRealArray( 1, 1 ),
"update": 0,
"values": [ 0.19, 0.19 ]
}
tracks/6/type = "value"
tracks/6/path = NodePath("WorldEnvironment2:environment:adjustment_saturation")
tracks/6/interp = 1
tracks/6/loop_wrap = true
tracks/6/imported = false
tracks/6/enabled = true
tracks/6/keys = {
"times": PoolRealArray( 0, 2 ),
"transitions": PoolRealArray( 1, 1 ),
"update": 0,
"values": [ 2.41, 0.01 ]
}

[sub_resource type="BoxShape" id=3]
extents = Vector3( 1, 1, 0.977844 )

[sub_resource type="CubeMesh" id=10]
size = Vector3( 2, 2, 5 )

[node name="root" type="Spatial"]
transform = Transform( 1, 0, 0, 0, 1, 0, 0, 0, 1, 0, 0, -0.235 )
script = ExtResource( 2 )

[node name="Camera" type="Camera" parent="."]
transform = Transform( 0.78687, -0.338073, 0.516276, 0, 0.836592, 0.547826, -0.617118, -0.431068, 0.65829, 49.685, 45.761, 37.067 )
fov = 44.8
far = 1361.0

[node name="DirectionalLight2" type="DirectionalLight" parent="."]
transform = Transform( 0.996338, -0.00439743, -0.0853908, 0.0855039, 0.0512412, 0.995019, -6.13293e-10, -0.998677, 0.0514296, 1.884, 69, 9.906 )
visible = false
light_energy = 2.395
shadow_enabled = true

[node name="DirectionalLight" type="DirectionalLight" parent="."]
transform = Transform( 1, -6.21589e-24, 1.19249e-08, -1.19249e-08, -5.21253e-16, 1, 0, -1, -5.21253e-16, 1.884, 69, 9.906 )
light_color = Color( 0.745098, 0.819608, 0.898039, 1 )
light_energy = 0.411
shadow_enabled = true
shadow_bias = -1.618

[node name="WorldEnvironment" type="WorldEnvironment" parent="."]
environment = ExtResource( 1 )

[node name="Bloom" type="AnimationPlayer" parent="."]
root_node = NodePath("../Scene/shore/shore2")
anims/RESET = SubResource( 8 )
anims/camera-effects = SubResource( 9 )

[node name="Scene" type="Spatial" parent="."]

[node name="Ocean" parent="Scene" instance=ExtResource( 3 )]

[node name="Glacier" type="Area" parent="Scene"]
transform = Transform( 35.0544, 0, 0, 0, 4.18055, -4.03034, 0, 1.16739, 14.4331, 0.18631, 6.72234, -30.7239 )
collision_layer = 2
collision_mask = 2

[node name="CollisionShape" type="CollisionShape" parent="Scene/Glacier"]
shape = SubResource( 3 )

[node name="DropPoint" type="Spatial" parent="Scene/Glacier"]
transform = Transform( 1, 0, 0, 0, 1, 0, 0, 0, 1, 0, 0.998861, 1.03609 )

[node name="Spawn" type="Spatial" parent="Scene/Glacier"]
transform = Transform( 0.0285271, 0, 0, 0, 0.2219, 0.0619642, 0, -0.0179479, 0.0642734, 0.0690916, 1.40353, 1.14132 )

[node name="Meshes" type="Spatial" parent="Scene/Glacier"]

[node name="berg" parent="Scene/Glacier/Meshes" instance=ExtResource( 5 )]
transform = Transform( 0.0315653, 0.00459249, 0, -0.0374947, 0.25771, 0.0619642, 0.00303268, -0.0208443, 0.0642734, -0.599869, -2.72338, -1.22638 )

[node name="berg2" parent="Scene/Glacier/Meshes" instance=ExtResource( 5 )]
transform = Transform( -0.0429117, -6.91886e-10, 0.0151281, -0.00514915, 0.260423, -0.0654517, -0.00534108, -0.0210638, -0.0678911, 0.876114, -3.85193, -1.02194 )

[node name="MeshInstance" type="MeshInstance" parent="Scene/Glacier/Meshes"]
transform = Transform( 1, 0, 0, 0, 1, 0, 0, 0, 1, 0, 0.285707, -1.48133 )
mesh = SubResource( 10 )
material/0 = null

[node name="shore" parent="Scene" instance=ExtResource( 6 )]
transform = Transform( 0.856051, 0, -0.516892, 0, 1, 0, 0.516892, 0, 0.856051, -49.0724, 8.4264, -14.4176 )

[node name="house_type04" parent="Scene/shore" instance=ExtResource( 11 )]
transform = Transform( 2.15022, 0, 0.179885, 0, 2.1078, 0, 0.179886, 0, 2.33952, 73.9371, -5.93167, -31.2585 )

[node name="tree_pineSmallA" parent="Scene/shore" instance=ExtResource( 12 )]
transform = Transform( 0.85605, 0, 0.516892, 0, 1, 0, -0.516892, 0, 0.85605, 20.5586, 6.16644, 5.07548 )

[node name="tree_pineSmallA2" parent="Scene/shore" instance=ExtResource( 12 )]
transform = Transform( 0.85605, 0, 0.516892, 0, 1, 0, -0.516892, 0, 0.85605, 19.58, 6.16644, 5.66633 )

[node name="tree_pineSmallA3" parent="Scene/shore" instance=ExtResource( 12 )]
transform = Transform( 0.85605, 0, 0.516892, 0, 1, 0, -0.516892, 0, 0.85605, 18.4942, 6.16644, 6.32196 )

[node name="tree_pineSmallA4" parent="Scene/shore" instance=ExtResource( 12 )]
transform = Transform( 0.85605, 0, 0.516892, 0, 1, 0, -0.516892, 0, 0.85605, 17.6551, 6.81474, 4.93236 )

[node name="tree_pineSmallA5" parent="Scene/shore" instance=ExtResource( 12 )]
transform = Transform( 0.85605, 0, 0.516892, 0, 1, 0, -0.516892, 0, 0.85605, 16.6987, 7.10974, 3.34834 )

[node name="shore3" parent="Scene/shore" instance=ExtResource( 6 )]
transform = Transform( 1, 0, 0, 0, 1, 0, 0, 0, 1, -7.26807, -3.06213, -39.4917 )

[node name="shore2" parent="Scene/shore" instance=ExtResource( 6 )]
transform = Transform( 1, 0, 0, 0, 1, 0, 0, 0, 1, 91.8979, -2.79821, -64.7096 )

[node name="tree_pineRoundB" parent="Scene/shore" instance=ExtResource( 13 )]
transform = Transform( 0.85605, 0, 0.516892, 0, 1, 0, -0.516892, 0, 0.85605, 19.5315, 6.32824, 3.61642 )

[node name="tree_pineRoundB2" parent="Scene/shore" instance=ExtResource( 13 )]
transform = Transform( 0.85605, 0, 0.516892, 0, 1, 0, -0.516892, 0, 0.85605, 18.9016, 6.32824, 2.57319 )

[node name="tree_pineRoundB3" parent="Scene/shore" instance=ExtResource( 13 )]
transform = Transform( 0.85605, 0, 0.516892, 0, 1, 0, -0.516892, 0, 0.85605, 20.3471, 6.32824, 1.70041 )

[node name="tree_pineRoundB4" parent="Scene/shore" instance=ExtResource( 13 )]
transform = Transform( 0.85605, 0, 0.516892, 0, 1, 0, -0.516892, 0, 0.85605, 21.8678, 6.32824, 4.21893 )

[node name="house_type01" parent="Scene/shore" instance=ExtResource( 9 )]
transform = Transform( -0.60781, 0, 2.49923, 0, 2.34418, 0, -2.09346, 0, -0.725622, 27.6366, -3.17944, 17.7686 )

[node name="house_type03" parent="Scene/shore" instance=ExtResource( 9 )]
transform = Transform( 0.970255, 0, 2.33045, 0, 2.34418, 0, -1.95208, 0, 1.15832, 18.3467, 2.57463, 23.378 )

[node name="house_type02" parent="Scene/shore" instance=ExtResource( 10 )]
transform = Transform( 2.16239, 0, 1.11932, 0, 1.98769, 0, -1.30567, 0, 1.85376, 22.82, -2.34995, 9.49307 )

[node name="RichTextLabel" type="RichTextLabel" parent="."]
margin_right = 228.0
margin_bottom = 229.0

[node name="HUD" type="Control" parent="."]
margin_right = 40.0
margin_bottom = 40.0

[node name="VBoxContainer" type="VBoxContainer" parent="HUD"]
margin_right = 40.0
margin_bottom = 40.0

[node name="HBoxContainer" type="HBoxContainer" parent="HUD/VBoxContainer"]
margin_right = 68.0
margin_bottom = 14.0

[node name="Label" type="Label" parent="HUD/VBoxContainer/HBoxContainer"]
margin_right = 64.0
margin_bottom = 14.0
text = "Sea Level:"

[node name="SeaLevel" type="Label" parent="HUD/VBoxContainer/HBoxContainer"]
margin_left = 68.0
margin_right = 68.0
margin_bottom = 14.0

[node name="GameOverLabel" type="Label" parent="HUD"]
visible = false
margin_left = 415.0
margin_top = 235.0
margin_right = 623.0
margin_bottom = 323.0
grow_horizontal = 2
grow_vertical = 2
text = "GAME OVER"
align = 1
valign = 1

[connection signal="animation_finished" from="Bloom" to="." method="_on_Bloom_animation_finished"]
[connection signal="body_entered" from="Scene/Glacier" to="." method="_on_Glacier_body_entered"]
