[gd_scene load_steps=8 format=2]

[ext_resource path="res://Wall.tscn" type="PackedScene" id=1]
[ext_resource path="res://root.gd" type="Script" id=2]

[sub_resource type="BoxShape" id=1]
extents = Vector3( 29.9447, 10.678, 56.7298 )

[sub_resource type="PlaneMesh" id=4]
size = Vector2( 100, 100 )

[sub_resource type="SpatialMaterial" id=5]
albedo_color = Color( 0.0705882, 0.184314, 0.368627, 1 )

[sub_resource type="CubeMesh" id=2]
size = Vector3( 1, 2, 2 )

[sub_resource type="BoxShape" id=3]

[node name="root" type="Spatial"]
script = ExtResource( 2 )

[node name="Camera" type="Camera" parent="."]
transform = Transform( 0.981449, -0.0358462, 0.188344, 0.0138587, 0.993061, 0.116785, -0.191223, -0.112009, 0.975135, 3.66156, 11.6377, 12.9027 )
fov = 75.0

[node name="Wall" parent="." instance=ExtResource( 1 )]
transform = Transform( 1, 0, 0, 0, 0.910907, -0.412611, 0, 0.412611, 0.910907, -5.76138, 0, -30.7134 )

[node name="Wall2" parent="." instance=ExtResource( 1 )]
transform = Transform( 0.714216, 0.606153, 0.349963, -0.40775, 0.766725, -0.495855, -0.568889, 0.21145, 0.794766, -15, 0, -30.7134 )

[node name="Wall4" parent="." instance=ExtResource( 1 )]
transform = Transform( 0.830571, 0.150721, 0.53613, -0.00879401, 0.966111, -0.257977, -0.556844, 0.209553, 0.803749, -40.7287, -0.364311, -14.7597 )

[node name="Wall3" parent="." instance=ExtResource( 1 )]
transform = Transform( 0.716594, -0.604044, -0.348745, 0.406332, 0.767925, -0.495162, 0.56691, 0.213124, 0.795733, 15, 0, -30.7134 )

[node name="DirectionalLight" type="DirectionalLight" parent="."]
transform = Transform( 0.828751, 0.542479, 0.137437, -0.431964, 0.463979, 0.773389, 0.355779, -0.700314, 0.618855, -19.9315, 18.3868, 4.90636 )
shadow_enabled = true

[node name="Area" type="Area" parent="."]
transform = Transform( 1, 0, 0, 0, 1, 0, 0, 0, 1, 0, -15.6191, 10.5548 )
collision_layer = 2
collision_mask = 2

[node name="CollisionShape" type="CollisionShape" parent="Area"]
shape = SubResource( 1 )

[node name="MeshInstance" type="MeshInstance" parent="Area"]
transform = Transform( 1, 0, 0, 0, 1, 0, 0, 0, 1, 0, 12, 0 )
mesh = SubResource( 4 )
material/0 = SubResource( 5 )

[node name="Spawn" type="Spatial" parent="."]
transform = Transform( 1, 0, 0, 0, 1, 0, 0, 0, 1, 0, -1.75639, -19.6715 )

[node name="Glacier" type="KinematicBody" parent="."]
transform = Transform( 35.0544, 0, 0, 0, 4.18055, -4.03034, 0, 1.16739, 14.4331, 0.18631, 2.22125, -35.9988 )

[node name="MeshInstance" type="MeshInstance" parent="Glacier"]
mesh = SubResource( 2 )
material/0 = null

[node name="CollisionShape" type="CollisionShape" parent="Glacier"]
shape = SubResource( 3 )

[connection signal="body_entered" from="Area" to="." method="_on_Area_body_entered"]
